2025/03/19-03:48:26.278756 3c70 RocksDB version: 8.1.1
2025/03/19-03:48:26.278796 3c70 Compile date 2023-04-06 16:38:52
2025/03/19-03:48:26.278812 3c70 DB SUMMARY
2025/03/19-03:48:26.278821 3c70 DB Session ID:  V2OEIUJF492KMM0WFBWK
2025/03/19-03:48:26.280254 3c70 CURRENT file:  CURRENT
2025/03/19-03:48:26.280283 3c70 IDENTITY file:  IDENTITY
2025/03/19-03:48:26.280338 3c70 MANIFEST file:  MANIFEST-000017 size: 81 Bytes
2025/03/19-03:48:26.280352 3c70 SST files in ./storage\collections\documents\0\segments\d9c3236d-197e-4bdf-a26b-e4dfe22d89e2\payload_index dir, Total Num: 0, files: 
2025/03/19-03:48:26.280363 3c70 Write Ahead Log file in ./storage\collections\documents\0\segments\d9c3236d-197e-4bdf-a26b-e4dfe22d89e2\payload_index: 000004.log size: 0 ; 000008.log size: 0 ; 000012.log size: 0 ; 000016.log size: 0 ; 
2025/03/19-03:48:26.280535 3c70                         Options.error_if_exists: 0
2025/03/19-03:48:26.280544 3c70                       Options.create_if_missing: 1
2025/03/19-03:48:26.280549 3c70                         Options.paranoid_checks: 1
2025/03/19-03:48:26.280553 3c70             Options.flush_verify_memtable_count: 1
2025/03/19-03:48:26.280557 3c70                               Options.track_and_verify_wals_in_manifest: 0
2025/03/19-03:48:26.280561 3c70        Options.verify_sst_unique_id_in_manifest: 1
2025/03/19-03:48:26.280565 3c70                                     Options.env: 000002A3762C9A50
2025/03/19-03:48:26.280570 3c70                                      Options.fs: WinFS
2025/03/19-03:48:26.280573 3c70                                Options.info_log: 000002A37E208B40
2025/03/19-03:48:26.280577 3c70                Options.max_file_opening_threads: 16
2025/03/19-03:48:26.280581 3c70                              Options.statistics: 0000000000000000
2025/03/19-03:48:26.280585 3c70                               Options.use_fsync: 0
2025/03/19-03:48:26.280589 3c70                       Options.max_log_file_size: 1048576
2025/03/19-03:48:26.280593 3c70                  Options.max_manifest_file_size: 1073741824
2025/03/19-03:48:26.280596 3c70                   Options.log_file_time_to_roll: 0
2025/03/19-03:48:26.280600 3c70                       Options.keep_log_file_num: 1
2025/03/19-03:48:26.280604 3c70                    Options.recycle_log_file_num: 0
2025/03/19-03:48:26.280608 3c70                         Options.allow_fallocate: 1
2025/03/19-03:48:26.280611 3c70                        Options.allow_mmap_reads: 0
2025/03/19-03:48:26.280615 3c70                       Options.allow_mmap_writes: 0
2025/03/19-03:48:26.280618 3c70                        Options.use_direct_reads: 0
2025/03/19-03:48:26.280622 3c70                        Options.use_direct_io_for_flush_and_compaction: 0
2025/03/19-03:48:26.280626 3c70          Options.create_missing_column_families: 1
2025/03/19-03:48:26.280629 3c70                              Options.db_log_dir: 
2025/03/19-03:48:26.280633 3c70                                 Options.wal_dir: 
2025/03/19-03:48:26.280636 3c70                Options.table_cache_numshardbits: 6
2025/03/19-03:48:26.280640 3c70                         Options.WAL_ttl_seconds: 0
2025/03/19-03:48:26.280644 3c70                       Options.WAL_size_limit_MB: 0
2025/03/19-03:48:26.280686 3c70                        Options.max_write_batch_group_size_bytes: 1048576
2025/03/19-03:48:26.280693 3c70             Options.manifest_preallocation_size: 4194304
2025/03/19-03:48:26.280697 3c70                     Options.is_fd_close_on_exec: 1
2025/03/19-03:48:26.280701 3c70                   Options.advise_random_on_open: 1
2025/03/19-03:48:26.280710 3c70                    Options.db_write_buffer_size: 0
2025/03/19-03:48:26.280714 3c70                    Options.write_buffer_manager: 000002A37E2748F0
2025/03/19-03:48:26.280718 3c70         Options.access_hint_on_compaction_start: 1
2025/03/19-03:48:26.280721 3c70           Options.random_access_max_buffer_size: 1048576
2025/03/19-03:48:26.280725 3c70                      Options.use_adaptive_mutex: 0
2025/03/19-03:48:26.280728 3c70                            Options.rate_limiter: 0000000000000000
2025/03/19-03:48:26.280754 3c70     Options.sst_file_manager.rate_bytes_per_sec: 0
2025/03/19-03:48:26.280760 3c70                       Options.wal_recovery_mode: 0
2025/03/19-03:48:26.280764 3c70                  Options.enable_thread_tracking: 0
2025/03/19-03:48:26.280767 3c70                  Options.enable_pipelined_write: 0
2025/03/19-03:48:26.280770 3c70                  Options.unordered_write: 0
2025/03/19-03:48:26.280774 3c70         Options.allow_concurrent_memtable_write: 1
2025/03/19-03:48:26.280777 3c70      Options.enable_write_thread_adaptive_yield: 1
2025/03/19-03:48:26.280781 3c70             Options.write_thread_max_yield_usec: 100
2025/03/19-03:48:26.280785 3c70            Options.write_thread_slow_yield_usec: 3
2025/03/19-03:48:26.280788 3c70                               Options.row_cache: None
2025/03/19-03:48:26.280792 3c70                              Options.wal_filter: None
2025/03/19-03:48:26.280795 3c70             Options.avoid_flush_during_recovery: 0
2025/03/19-03:48:26.280799 3c70             Options.allow_ingest_behind: 0
2025/03/19-03:48:26.280802 3c70             Options.two_write_queues: 0
2025/03/19-03:48:26.280805 3c70             Options.manual_wal_flush: 0
2025/03/19-03:48:26.280809 3c70             Options.wal_compression: 0
2025/03/19-03:48:26.280812 3c70             Options.atomic_flush: 0
2025/03/19-03:48:26.280815 3c70             Options.avoid_unnecessary_blocking_io: 0
2025/03/19-03:48:26.280819 3c70                 Options.persist_stats_to_disk: 0
2025/03/19-03:48:26.280822 3c70                 Options.write_dbid_to_manifest: 0
2025/03/19-03:48:26.280825 3c70                 Options.log_readahead_size: 0
2025/03/19-03:48:26.280829 3c70                 Options.file_checksum_gen_factory: Unknown
2025/03/19-03:48:26.280832 3c70                 Options.best_efforts_recovery: 0
2025/03/19-03:48:26.280835 3c70                Options.max_bgerror_resume_count: 2147483647
2025/03/19-03:48:26.280839 3c70            Options.bgerror_resume_retry_interval: 1000000
2025/03/19-03:48:26.280842 3c70             Options.allow_data_in_errors: 0
2025/03/19-03:48:26.280845 3c70             Options.db_host_id: __hostname__
2025/03/19-03:48:26.280849 3c70             Options.enforce_single_del_contracts: true
2025/03/19-03:48:26.280852 3c70             Options.max_background_jobs: 2
2025/03/19-03:48:26.280856 3c70             Options.max_background_compactions: -1
2025/03/19-03:48:26.280859 3c70             Options.max_subcompactions: 1
2025/03/19-03:48:26.280862 3c70             Options.avoid_flush_during_shutdown: 0
2025/03/19-03:48:26.280866 3c70           Options.writable_file_max_buffer_size: 1048576
2025/03/19-03:48:26.280869 3c70             Options.delayed_write_rate : 16777216
2025/03/19-03:48:26.280872 3c70             Options.max_total_wal_size: 0
2025/03/19-03:48:26.280876 3c70             Options.delete_obsolete_files_period_micros: 180000000
2025/03/19-03:48:26.280879 3c70                   Options.stats_dump_period_sec: 600
2025/03/19-03:48:26.280883 3c70                 Options.stats_persist_period_sec: 600
2025/03/19-03:48:26.280886 3c70                 Options.stats_history_buffer_size: 1048576
2025/03/19-03:48:26.280889 3c70                          Options.max_open_files: 256
2025/03/19-03:48:26.280893 3c70                          Options.bytes_per_sync: 0
2025/03/19-03:48:26.280896 3c70                      Options.wal_bytes_per_sync: 0
2025/03/19-03:48:26.280899 3c70                   Options.strict_bytes_per_sync: 0
2025/03/19-03:48:26.280903 3c70       Options.compaction_readahead_size: 0
2025/03/19-03:48:26.280906 3c70                  Options.max_background_flushes: -1
2025/03/19-03:48:26.280909 3c70 Compression algorithms supported:
2025/03/19-03:48:26.280913 3c70 	kZSTD supported: 0
2025/03/19-03:48:26.280917 3c70 	kSnappyCompression supported: 1
2025/03/19-03:48:26.280920 3c70 	kBZip2Compression supported: 0
2025/03/19-03:48:26.280923 3c70 	kZlibCompression supported: 0
2025/03/19-03:48:26.280927 3c70 	kLZ4Compression supported: 0
2025/03/19-03:48:26.280951 3c70 	kXpressCompression supported: 0
2025/03/19-03:48:26.280956 3c70 	kLZ4HCCompression supported: 0
2025/03/19-03:48:26.280960 3c70 	kZSTDNotFinalCompression supported: 0
2025/03/19-03:48:26.280964 3c70 Fast CRC32 supported: Not supported on x86
2025/03/19-03:48:26.280967 3c70 DMutex implementation: std::mutex
2025/03/19-03:48:26.282935 3c70               Options.comparator: leveldb.BytewiseComparator
2025/03/19-03:48:26.282948 3c70           Options.merge_operator: None
2025/03/19-03:48:26.282954 3c70        Options.compaction_filter: None
2025/03/19-03:48:26.282960 3c70        Options.compaction_filter_factory: None
2025/03/19-03:48:26.282965 3c70  Options.sst_partitioner_factory: None
2025/03/19-03:48:26.282971 3c70         Options.memtable_factory: SkipListFactory
2025/03/19-03:48:26.282977 3c70            Options.table_factory: BlockBasedTable
2025/03/19-03:48:26.283020 3c70            table_factory options:   flush_block_policy_factory: FlushBlockBySizePolicyFactory (000002A37E103CA0)
  cache_index_and_filter_blocks: 0
  cache_index_and_filter_blocks_with_high_priority: 1
  pin_l0_filter_and_index_blocks_in_cache: 0
  pin_top_level_index_and_filter: 1
  index_type: 0
  data_block_index_type: 0
  index_shortening: 1
  data_block_hash_table_util_ratio: 0.750000
  checksum: 4
  no_block_cache: 0
  block_cache: 000002A37E2768E0
  block_cache_name: LRUCache
  block_cache_options:
    capacity : 8388608
    num_shard_bits : 4
    strict_capacity_limit : 0
    memory_allocator : None
    high_pri_pool_ratio: 0.000
    low_pri_pool_ratio: 0.000
  persistent_cache: 0000000000000000
  block_size: 4096
  block_size_deviation: 10
  block_restart_interval: 16
  index_block_restart_interval: 1
  metadata_block_size: 4096
  partition_filters: 0
  use_delta_encoding: 1
  filter_policy: nullptr
  whole_key_filtering: 1
  verify_compression: 0
  read_amp_bytes_per_bit: 0
  format_version: 5
  enable_index_compression: 1
  block_align: 0
  max_auto_readahead_size: 262144
  prepopulate_block_cache: 0
  initial_auto_readahead_size: 8192
  num_file_reads_for_auto_readahead: 2
2025/03/19-03:48:26.283029 3c70        Options.write_buffer_size: 67108864
2025/03/19-03:48:26.283034 3c70  Options.max_write_buffer_number: 2
2025/03/19-03:48:26.283039 3c70          Options.compression: Snappy
2025/03/19-03:48:26.283045 3c70                  Options.bottommost_compression: Disabled
2025/03/19-03:48:26.283051 3c70       Options.prefix_extractor: nullptr
2025/03/19-03:48:26.283057 3c70   Options.memtable_insert_with_hint_prefix_extractor: nullptr
2025/03/19-03:48:26.283063 3c70             Options.num_levels: 7
2025/03/19-03:48:26.283069 3c70        Options.min_write_buffer_number_to_merge: 1
2025/03/19-03:48:26.283073 3c70     Options.max_write_buffer_number_to_maintain: 0
2025/03/19-03:48:26.283078 3c70     Options.max_write_buffer_size_to_maintain: 0
2025/03/19-03:48:26.283083 3c70            Options.bottommost_compression_opts.window_bits: -14
2025/03/19-03:48:26.283096 3c70                  Options.bottommost_compression_opts.level: 32767
2025/03/19-03:48:26.283102 3c70               Options.bottommost_compression_opts.strategy: 0
2025/03/19-03:48:26.283108 3c70         Options.bottommost_compression_opts.max_dict_bytes: 0
2025/03/19-03:48:26.283112 3c70         Options.bottommost_compression_opts.zstd_max_train_bytes: 0
2025/03/19-03:48:26.283116 3c70         Options.bottommost_compression_opts.parallel_threads: 1
2025/03/19-03:48:26.283120 3c70                  Options.bottommost_compression_opts.enabled: false
2025/03/19-03:48:26.283124 3c70         Options.bottommost_compression_opts.max_dict_buffer_bytes: 0
2025/03/19-03:48:26.283127 3c70         Options.bottommost_compression_opts.use_zstd_dict_trainer: true
2025/03/19-03:48:26.283131 3c70            Options.compression_opts.window_bits: -14
2025/03/19-03:48:26.283135 3c70                  Options.compression_opts.level: 32767
2025/03/19-03:48:26.283138 3c70               Options.compression_opts.strategy: 0
2025/03/19-03:48:26.283156 3c70         Options.compression_opts.max_dict_bytes: 0
2025/03/19-03:48:26.283163 3c70         Options.compression_opts.zstd_max_train_bytes: 0
2025/03/19-03:48:26.283168 3c70         Options.compression_opts.use_zstd_dict_trainer: true
2025/03/19-03:48:26.283171 3c70         Options.compression_opts.parallel_threads: 1
2025/03/19-03:48:26.283175 3c70                  Options.compression_opts.enabled: false
2025/03/19-03:48:26.283179 3c70         Options.compression_opts.max_dict_buffer_bytes: 0
2025/03/19-03:48:26.283182 3c70      Options.level0_file_num_compaction_trigger: 4
2025/03/19-03:48:26.283186 3c70          Options.level0_slowdown_writes_trigger: 20
2025/03/19-03:48:26.283189 3c70              Options.level0_stop_writes_trigger: 36
2025/03/19-03:48:26.283193 3c70                   Options.target_file_size_base: 67108864
2025/03/19-03:48:26.283197 3c70             Options.target_file_size_multiplier: 1
2025/03/19-03:48:26.283200 3c70                Options.max_bytes_for_level_base: 268435456
2025/03/19-03:48:26.283205 3c70 Options.level_compaction_dynamic_level_bytes: 0
2025/03/19-03:48:26.283210 3c70          Options.max_bytes_for_level_multiplier: 10.000000
2025/03/19-03:48:26.283214 3c70 Options.max_bytes_for_level_multiplier_addtl[0]: 1
2025/03/19-03:48:26.283218 3c70 Options.max_bytes_for_level_multiplier_addtl[1]: 1
2025/03/19-03:48:26.283221 3c70 Options.max_bytes_for_level_multiplier_addtl[2]: 1
2025/03/19-03:48:26.283225 3c70 Options.max_bytes_for_level_multiplier_addtl[3]: 1
2025/03/19-03:48:26.283228 3c70 Options.max_bytes_for_level_multiplier_addtl[4]: 1
2025/03/19-03:48:26.283232 3c70 Options.max_bytes_for_level_multiplier_addtl[5]: 1
2025/03/19-03:48:26.283235 3c70 Options.max_bytes_for_level_multiplier_addtl[6]: 1
2025/03/19-03:48:26.283239 3c70       Options.max_sequential_skip_in_iterations: 8
2025/03/19-03:48:26.283242 3c70                    Options.max_compaction_bytes: 1677721600
2025/03/19-03:48:26.283246 3c70   Options.ignore_max_compaction_bytes_for_input: true
2025/03/19-03:48:26.283249 3c70                        Options.arena_block_size: 1048576
2025/03/19-03:48:26.283253 3c70   Options.soft_pending_compaction_bytes_limit: 68719476736
2025/03/19-03:48:26.283257 3c70   Options.hard_pending_compaction_bytes_limit: 274877906944
2025/03/19-03:48:26.283260 3c70                Options.disable_auto_compactions: 0
2025/03/19-03:48:26.283265 3c70                        Options.compaction_style: kCompactionStyleLevel
2025/03/19-03:48:26.283269 3c70                          Options.compaction_pri: kMinOverlappingRatio
2025/03/19-03:48:26.283272 3c70 Options.compaction_options_universal.size_ratio: 1
2025/03/19-03:48:26.283276 3c70 Options.compaction_options_universal.min_merge_width: 2
2025/03/19-03:48:26.283279 3c70 Options.compaction_options_universal.max_merge_width: 4294967295
2025/03/19-03:48:26.283283 3c70 Options.compaction_options_universal.max_size_amplification_percent: 200
2025/03/19-03:48:26.283287 3c70 Options.compaction_options_universal.compression_size_percent: -1
2025/03/19-03:48:26.283291 3c70 Options.compaction_options_universal.stop_style: kCompactionStopStyleTotalSize
2025/03/19-03:48:26.283295 3c70 Options.compaction_options_fifo.max_table_files_size: 1073741824
2025/03/19-03:48:26.283298 3c70 Options.compaction_options_fifo.allow_compaction: 0
2025/03/19-03:48:26.283303 3c70                   Options.table_properties_collectors: 
2025/03/19-03:48:26.283307 3c70                   Options.inplace_update_support: 0
2025/03/19-03:48:26.283311 3c70                 Options.inplace_update_num_locks: 10000
2025/03/19-03:48:26.283315 3c70               Options.memtable_prefix_bloom_size_ratio: 0.000000
2025/03/19-03:48:26.283318 3c70               Options.memtable_whole_key_filtering: 0
2025/03/19-03:48:26.283322 3c70   Options.memtable_huge_page_size: 0
2025/03/19-03:48:26.283325 3c70                           Options.bloom_locality: 0
2025/03/19-03:48:26.283329 3c70                    Options.max_successive_merges: 0
2025/03/19-03:48:26.283332 3c70                Options.optimize_filters_for_hits: 0
2025/03/19-03:48:26.283364 3c70                Options.paranoid_file_checks: 0
2025/03/19-03:48:26.283369 3c70                Options.force_consistency_checks: 1
2025/03/19-03:48:26.283373 3c70                Options.report_bg_io_stats: 0
2025/03/19-03:48:26.283376 3c70                               Options.ttl: 2592000
2025/03/19-03:48:26.283380 3c70          Options.periodic_compaction_seconds: 0
2025/03/19-03:48:26.283383 3c70  Options.preclude_last_level_data_seconds: 0
2025/03/19-03:48:26.283386 3c70    Options.preserve_internal_time_seconds: 0
2025/03/19-03:48:26.283390 3c70                       Options.enable_blob_files: false
2025/03/19-03:48:26.283393 3c70                           Options.min_blob_size: 0
2025/03/19-03:48:26.283396 3c70                          Options.blob_file_size: 268435456
2025/03/19-03:48:26.283400 3c70                   Options.blob_compression_type: NoCompression
2025/03/19-03:48:26.283403 3c70          Options.enable_blob_garbage_collection: false
2025/03/19-03:48:26.283407 3c70      Options.blob_garbage_collection_age_cutoff: 0.250000
2025/03/19-03:48:26.283411 3c70 Options.blob_garbage_collection_force_threshold: 1.000000
2025/03/19-03:48:26.283415 3c70          Options.blob_compaction_readahead_size: 0
2025/03/19-03:48:26.283420 3c70                Options.blob_file_starting_level: 0
2025/03/19-03:48:26.283423 3c70 Options.experimental_mempurge_threshold: 0.000000
2025/03/19-03:48:26.303060 3c70 DB pointer 000002A37E271780
