2025/03/19-03:48:26.009579 3c70 RocksDB version: 8.1.1
2025/03/19-03:48:26.009663 3c70 Compile date 2023-04-06 16:38:52
2025/03/19-03:48:26.009702 3c70 DB SUMMARY
2025/03/19-03:48:26.009719 3c70 DB Session ID:  V2OEIUJF492KMM0WFBWM
2025/03/19-03:48:26.036226 3c70 CURRENT file:  CURRENT
2025/03/19-03:48:26.036251 3c70 IDENTITY file:  IDENTITY
2025/03/19-03:48:26.036628 3c70 MANIFEST file:  MANIFEST-000032 size: 937 Bytes
2025/03/19-03:48:26.036652 3c70 SST files in ./storage\collections\documents\0\segments\d9c3236d-197e-4bdf-a26b-e4dfe22d89e2 dir, Total Num: 5, files: 000016.sst 000017.sst 000018.sst 000019.sst 000020.sst 
2025/03/19-03:48:26.036696 3c70 Write Ahead Log file in ./storage\collections\documents\0\segments\d9c3236d-197e-4bdf-a26b-e4dfe22d89e2: 000004.log size: 0 ; 000023.log size: 0 ; 000027.log size: 0 ; 000031.log size: 0 ; 
2025/03/19-03:48:26.036850 3c70                         Options.error_if_exists: 0
2025/03/19-03:48:26.036859 3c70                       Options.create_if_missing: 1
2025/03/19-03:48:26.036863 3c70                         Options.paranoid_checks: 1
2025/03/19-03:48:26.036867 3c70             Options.flush_verify_memtable_count: 1
2025/03/19-03:48:26.036871 3c70                               Options.track_and_verify_wals_in_manifest: 0
2025/03/19-03:48:26.036874 3c70        Options.verify_sst_unique_id_in_manifest: 1
2025/03/19-03:48:26.036879 3c70                                     Options.env: 000002A3762C9A50
2025/03/19-03:48:26.036883 3c70                                      Options.fs: WinFS
2025/03/19-03:48:26.036886 3c70                                Options.info_log: 000002A37DF42D20
2025/03/19-03:48:26.036891 3c70                Options.max_file_opening_threads: 16
2025/03/19-03:48:26.036895 3c70                              Options.statistics: 0000000000000000
2025/03/19-03:48:26.036898 3c70                               Options.use_fsync: 0
2025/03/19-03:48:26.036902 3c70                       Options.max_log_file_size: 1048576
2025/03/19-03:48:26.036906 3c70                  Options.max_manifest_file_size: 1073741824
2025/03/19-03:48:26.036910 3c70                   Options.log_file_time_to_roll: 0
2025/03/19-03:48:26.036914 3c70                       Options.keep_log_file_num: 1
2025/03/19-03:48:26.036917 3c70                    Options.recycle_log_file_num: 0
2025/03/19-03:48:26.036921 3c70                         Options.allow_fallocate: 1
2025/03/19-03:48:26.036924 3c70                        Options.allow_mmap_reads: 0
2025/03/19-03:48:26.036928 3c70                       Options.allow_mmap_writes: 0
2025/03/19-03:48:26.036931 3c70                        Options.use_direct_reads: 0
2025/03/19-03:48:26.036935 3c70                        Options.use_direct_io_for_flush_and_compaction: 0
2025/03/19-03:48:26.036938 3c70          Options.create_missing_column_families: 1
2025/03/19-03:48:26.036942 3c70                              Options.db_log_dir: 
2025/03/19-03:48:26.036946 3c70                                 Options.wal_dir: 
2025/03/19-03:48:26.036949 3c70                Options.table_cache_numshardbits: 6
2025/03/19-03:48:26.036953 3c70                         Options.WAL_ttl_seconds: 0
2025/03/19-03:48:26.036956 3c70                       Options.WAL_size_limit_MB: 0
2025/03/19-03:48:26.036960 3c70                        Options.max_write_batch_group_size_bytes: 1048576
2025/03/19-03:48:26.036964 3c70             Options.manifest_preallocation_size: 4194304
2025/03/19-03:48:26.036967 3c70                     Options.is_fd_close_on_exec: 1
2025/03/19-03:48:26.036971 3c70                   Options.advise_random_on_open: 1
2025/03/19-03:48:26.036974 3c70                    Options.db_write_buffer_size: 0
2025/03/19-03:48:26.036978 3c70                    Options.write_buffer_manager: 000002A37DF6C6A0
2025/03/19-03:48:26.036981 3c70         Options.access_hint_on_compaction_start: 1
2025/03/19-03:48:26.036985 3c70           Options.random_access_max_buffer_size: 1048576
2025/03/19-03:48:26.036989 3c70                      Options.use_adaptive_mutex: 0
2025/03/19-03:48:26.036992 3c70                            Options.rate_limiter: 0000000000000000
2025/03/19-03:48:26.037025 3c70     Options.sst_file_manager.rate_bytes_per_sec: 0
2025/03/19-03:48:26.037031 3c70                       Options.wal_recovery_mode: 0
2025/03/19-03:48:26.037035 3c70                  Options.enable_thread_tracking: 0
2025/03/19-03:48:26.037039 3c70                  Options.enable_pipelined_write: 0
2025/03/19-03:48:26.037043 3c70                  Options.unordered_write: 0
2025/03/19-03:48:26.037046 3c70         Options.allow_concurrent_memtable_write: 1
2025/03/19-03:48:26.037050 3c70      Options.enable_write_thread_adaptive_yield: 1
2025/03/19-03:48:26.037053 3c70             Options.write_thread_max_yield_usec: 100
2025/03/19-03:48:26.037057 3c70            Options.write_thread_slow_yield_usec: 3
2025/03/19-03:48:26.037060 3c70                               Options.row_cache: None
2025/03/19-03:48:26.037064 3c70                              Options.wal_filter: None
2025/03/19-03:48:26.037067 3c70             Options.avoid_flush_during_recovery: 0
2025/03/19-03:48:26.037070 3c70             Options.allow_ingest_behind: 0
2025/03/19-03:48:26.037074 3c70             Options.two_write_queues: 0
2025/03/19-03:48:26.037077 3c70             Options.manual_wal_flush: 0
2025/03/19-03:48:26.037080 3c70             Options.wal_compression: 0
2025/03/19-03:48:26.037083 3c70             Options.atomic_flush: 0
2025/03/19-03:48:26.037087 3c70             Options.avoid_unnecessary_blocking_io: 0
2025/03/19-03:48:26.037100 3c70                 Options.persist_stats_to_disk: 0
2025/03/19-03:48:26.037104 3c70                 Options.write_dbid_to_manifest: 0
2025/03/19-03:48:26.037108 3c70                 Options.log_readahead_size: 0
2025/03/19-03:48:26.037111 3c70                 Options.file_checksum_gen_factory: Unknown
2025/03/19-03:48:26.037115 3c70                 Options.best_efforts_recovery: 0
2025/03/19-03:48:26.037118 3c70                Options.max_bgerror_resume_count: 2147483647
2025/03/19-03:48:26.037123 3c70            Options.bgerror_resume_retry_interval: 1000000
2025/03/19-03:48:26.037126 3c70             Options.allow_data_in_errors: 0
2025/03/19-03:48:26.037130 3c70             Options.db_host_id: __hostname__
2025/03/19-03:48:26.037133 3c70             Options.enforce_single_del_contracts: true
2025/03/19-03:48:26.037137 3c70             Options.max_background_jobs: 2
2025/03/19-03:48:26.037140 3c70             Options.max_background_compactions: -1
2025/03/19-03:48:26.037144 3c70             Options.max_subcompactions: 1
2025/03/19-03:48:26.037148 3c70             Options.avoid_flush_during_shutdown: 0
2025/03/19-03:48:26.037152 3c70           Options.writable_file_max_buffer_size: 1048576
2025/03/19-03:48:26.037182 3c70             Options.delayed_write_rate : 16777216
2025/03/19-03:48:26.037189 3c70             Options.max_total_wal_size: 0
2025/03/19-03:48:26.037193 3c70             Options.delete_obsolete_files_period_micros: 180000000
2025/03/19-03:48:26.037197 3c70                   Options.stats_dump_period_sec: 600
2025/03/19-03:48:26.037200 3c70                 Options.stats_persist_period_sec: 600
2025/03/19-03:48:26.037204 3c70                 Options.stats_history_buffer_size: 1048576
2025/03/19-03:48:26.037208 3c70                          Options.max_open_files: 256
2025/03/19-03:48:26.037212 3c70                          Options.bytes_per_sync: 0
2025/03/19-03:48:26.037216 3c70                      Options.wal_bytes_per_sync: 0
2025/03/19-03:48:26.037220 3c70                   Options.strict_bytes_per_sync: 0
2025/03/19-03:48:26.037223 3c70       Options.compaction_readahead_size: 0
2025/03/19-03:48:26.037227 3c70                  Options.max_background_flushes: -1
2025/03/19-03:48:26.037230 3c70 Compression algorithms supported:
2025/03/19-03:48:26.037234 3c70 	kZSTD supported: 0
2025/03/19-03:48:26.037239 3c70 	kSnappyCompression supported: 1
2025/03/19-03:48:26.037242 3c70 	kBZip2Compression supported: 0
2025/03/19-03:48:26.037246 3c70 	kZlibCompression supported: 0
2025/03/19-03:48:26.037249 3c70 	kLZ4Compression supported: 0
2025/03/19-03:48:26.037279 3c70 	kXpressCompression supported: 0
2025/03/19-03:48:26.037284 3c70 	kLZ4HCCompression supported: 0
2025/03/19-03:48:26.037288 3c70 	kZSTDNotFinalCompression supported: 0
2025/03/19-03:48:26.037291 3c70 Fast CRC32 supported: Not supported on x86
2025/03/19-03:48:26.037295 3c70 DMutex implementation: std::mutex
2025/03/19-03:48:26.090047 3c70               Options.comparator: leveldb.BytewiseComparator
2025/03/19-03:48:26.090063 3c70           Options.merge_operator: None
2025/03/19-03:48:26.090068 3c70        Options.compaction_filter: None
2025/03/19-03:48:26.090071 3c70        Options.compaction_filter_factory: None
2025/03/19-03:48:26.090075 3c70  Options.sst_partitioner_factory: None
2025/03/19-03:48:26.090078 3c70         Options.memtable_factory: SkipListFactory
2025/03/19-03:48:26.090082 3c70            Options.table_factory: BlockBasedTable
2025/03/19-03:48:26.090121 3c70            table_factory options:   flush_block_policy_factory: FlushBlockBySizePolicyFactory (000002A377D946D0)
  cache_index_and_filter_blocks: 0
  cache_index_and_filter_blocks_with_high_priority: 1
  pin_l0_filter_and_index_blocks_in_cache: 0
  pin_top_level_index_and_filter: 1
  index_type: 0
  data_block_index_type: 0
  index_shortening: 1
  data_block_hash_table_util_ratio: 0.750000
  checksum: 4
  no_block_cache: 0
  block_cache: 000002A3762C94C0
  block_cache_name: LRUCache
  block_cache_options:
    capacity : 8388608
    num_shard_bits : 4
    strict_capacity_limit : 0
    memory_allocator : None
    high_pri_pool_ratio: 0.000
    low_pri_pool_ratio: 0.000
  persistent_cache: 0000000000000000
  block_size: 4096
  block_size_deviation: 10
  block_restart_interval: 16
  index_block_restart_interval: 1
  metadata_block_size: 4096
  partition_filters: 0
  use_delta_encoding: 1
  filter_policy: nullptr
  whole_key_filtering: 1
  verify_compression: 0
  read_amp_bytes_per_bit: 0
  format_version: 5
  enable_index_compression: 1
  block_align: 0
  max_auto_readahead_size: 262144
  prepopulate_block_cache: 0
  initial_auto_readahead_size: 8192
  num_file_reads_for_auto_readahead: 2
2025/03/19-03:48:26.090127 3c70        Options.write_buffer_size: 67108864
2025/03/19-03:48:26.090130 3c70  Options.max_write_buffer_number: 2
2025/03/19-03:48:26.090134 3c70          Options.compression: Snappy
2025/03/19-03:48:26.090138 3c70                  Options.bottommost_compression: Disabled
2025/03/19-03:48:26.090141 3c70       Options.prefix_extractor: nullptr
2025/03/19-03:48:26.090145 3c70   Options.memtable_insert_with_hint_prefix_extractor: nullptr
2025/03/19-03:48:26.090148 3c70             Options.num_levels: 7
2025/03/19-03:48:26.090152 3c70        Options.min_write_buffer_number_to_merge: 1
2025/03/19-03:48:26.090155 3c70     Options.max_write_buffer_number_to_maintain: 0
2025/03/19-03:48:26.090158 3c70     Options.max_write_buffer_size_to_maintain: 0
2025/03/19-03:48:26.090162 3c70            Options.bottommost_compression_opts.window_bits: -14
2025/03/19-03:48:26.090166 3c70                  Options.bottommost_compression_opts.level: 32767
2025/03/19-03:48:26.090169 3c70               Options.bottommost_compression_opts.strategy: 0
2025/03/19-03:48:26.090173 3c70         Options.bottommost_compression_opts.max_dict_bytes: 0
2025/03/19-03:48:26.090176 3c70         Options.bottommost_compression_opts.zstd_max_train_bytes: 0
2025/03/19-03:48:26.090180 3c70         Options.bottommost_compression_opts.parallel_threads: 1
2025/03/19-03:48:26.090184 3c70                  Options.bottommost_compression_opts.enabled: false
2025/03/19-03:48:26.090188 3c70         Options.bottommost_compression_opts.max_dict_buffer_bytes: 0
2025/03/19-03:48:26.090192 3c70         Options.bottommost_compression_opts.use_zstd_dict_trainer: true
2025/03/19-03:48:26.090195 3c70            Options.compression_opts.window_bits: -14
2025/03/19-03:48:26.090199 3c70                  Options.compression_opts.level: 32767
2025/03/19-03:48:26.090202 3c70               Options.compression_opts.strategy: 0
2025/03/19-03:48:26.090206 3c70         Options.compression_opts.max_dict_bytes: 0
2025/03/19-03:48:26.090214 3c70         Options.compression_opts.zstd_max_train_bytes: 0
2025/03/19-03:48:26.090220 3c70         Options.compression_opts.use_zstd_dict_trainer: true
2025/03/19-03:48:26.090224 3c70         Options.compression_opts.parallel_threads: 1
2025/03/19-03:48:26.090227 3c70                  Options.compression_opts.enabled: false
2025/03/19-03:48:26.090230 3c70         Options.compression_opts.max_dict_buffer_bytes: 0
2025/03/19-03:48:26.090234 3c70      Options.level0_file_num_compaction_trigger: 4
2025/03/19-03:48:26.090238 3c70          Options.level0_slowdown_writes_trigger: 20
2025/03/19-03:48:26.090241 3c70              Options.level0_stop_writes_trigger: 36
2025/03/19-03:48:26.090244 3c70                   Options.target_file_size_base: 67108864
2025/03/19-03:48:26.090248 3c70             Options.target_file_size_multiplier: 1
2025/03/19-03:48:26.090251 3c70                Options.max_bytes_for_level_base: 268435456
2025/03/19-03:48:26.090255 3c70 Options.level_compaction_dynamic_level_bytes: 0
2025/03/19-03:48:26.090259 3c70          Options.max_bytes_for_level_multiplier: 10.000000
2025/03/19-03:48:26.090263 3c70 Options.max_bytes_for_level_multiplier_addtl[0]: 1
2025/03/19-03:48:26.090266 3c70 Options.max_bytes_for_level_multiplier_addtl[1]: 1
2025/03/19-03:48:26.090270 3c70 Options.max_bytes_for_level_multiplier_addtl[2]: 1
2025/03/19-03:48:26.090273 3c70 Options.max_bytes_for_level_multiplier_addtl[3]: 1
2025/03/19-03:48:26.090277 3c70 Options.max_bytes_for_level_multiplier_addtl[4]: 1
2025/03/19-03:48:26.090280 3c70 Options.max_bytes_for_level_multiplier_addtl[5]: 1
2025/03/19-03:48:26.090284 3c70 Options.max_bytes_for_level_multiplier_addtl[6]: 1
2025/03/19-03:48:26.090287 3c70       Options.max_sequential_skip_in_iterations: 8
2025/03/19-03:48:26.090291 3c70                    Options.max_compaction_bytes: 1677721600
2025/03/19-03:48:26.090294 3c70   Options.ignore_max_compaction_bytes_for_input: true
2025/03/19-03:48:26.090298 3c70                        Options.arena_block_size: 1048576
2025/03/19-03:48:26.090301 3c70   Options.soft_pending_compaction_bytes_limit: 68719476736
2025/03/19-03:48:26.090305 3c70   Options.hard_pending_compaction_bytes_limit: 274877906944
2025/03/19-03:48:26.090309 3c70                Options.disable_auto_compactions: 0
2025/03/19-03:48:26.090314 3c70                        Options.compaction_style: kCompactionStyleLevel
2025/03/19-03:48:26.090318 3c70                          Options.compaction_pri: kMinOverlappingRatio
2025/03/19-03:48:26.090322 3c70 Options.compaction_options_universal.size_ratio: 1
2025/03/19-03:48:26.090325 3c70 Options.compaction_options_universal.min_merge_width: 2
2025/03/19-03:48:26.090329 3c70 Options.compaction_options_universal.max_merge_width: 4294967295
2025/03/19-03:48:26.090333 3c70 Options.compaction_options_universal.max_size_amplification_percent: 200
2025/03/19-03:48:26.090336 3c70 Options.compaction_options_universal.compression_size_percent: -1
2025/03/19-03:48:26.090340 3c70 Options.compaction_options_universal.stop_style: kCompactionStopStyleTotalSize
2025/03/19-03:48:26.090344 3c70 Options.compaction_options_fifo.max_table_files_size: 1073741824
2025/03/19-03:48:26.090347 3c70 Options.compaction_options_fifo.allow_compaction: 0
2025/03/19-03:48:26.090352 3c70                   Options.table_properties_collectors: 
2025/03/19-03:48:26.090356 3c70                   Options.inplace_update_support: 0
2025/03/19-03:48:26.090360 3c70                 Options.inplace_update_num_locks: 10000
2025/03/19-03:48:26.090363 3c70               Options.memtable_prefix_bloom_size_ratio: 0.000000
2025/03/19-03:48:26.090367 3c70               Options.memtable_whole_key_filtering: 0
2025/03/19-03:48:26.090370 3c70   Options.memtable_huge_page_size: 0
2025/03/19-03:48:26.090374 3c70                           Options.bloom_locality: 0
2025/03/19-03:48:26.090377 3c70                    Options.max_successive_merges: 0
2025/03/19-03:48:26.090381 3c70                Options.optimize_filters_for_hits: 0
2025/03/19-03:48:26.090437 3c70                Options.paranoid_file_checks: 0
2025/03/19-03:48:26.090443 3c70                Options.force_consistency_checks: 1
2025/03/19-03:48:26.090447 3c70                Options.report_bg_io_stats: 0
2025/03/19-03:48:26.090451 3c70                               Options.ttl: 2592000
2025/03/19-03:48:26.090454 3c70          Options.periodic_compaction_seconds: 0
2025/03/19-03:48:26.090458 3c70  Options.preclude_last_level_data_seconds: 0
2025/03/19-03:48:26.090465 3c70    Options.preserve_internal_time_seconds: 0
2025/03/19-03:48:26.090468 3c70                       Options.enable_blob_files: false
2025/03/19-03:48:26.090472 3c70                           Options.min_blob_size: 0
2025/03/19-03:48:26.090475 3c70                          Options.blob_file_size: 268435456
2025/03/19-03:48:26.090479 3c70                   Options.blob_compression_type: NoCompression
2025/03/19-03:48:26.090482 3c70          Options.enable_blob_garbage_collection: false
2025/03/19-03:48:26.090486 3c70      Options.blob_garbage_collection_age_cutoff: 0.250000
2025/03/19-03:48:26.090490 3c70 Options.blob_garbage_collection_force_threshold: 1.000000
2025/03/19-03:48:26.090494 3c70          Options.blob_compaction_readahead_size: 0
2025/03/19-03:48:26.090497 3c70                Options.blob_file_starting_level: 0
2025/03/19-03:48:26.090501 3c70 Options.experimental_mempurge_threshold: 0.000000
2025/03/19-03:48:26.090641 3c70               Options.comparator: leveldb.BytewiseComparator
2025/03/19-03:48:26.090652 3c70           Options.merge_operator: None
2025/03/19-03:48:26.090656 3c70        Options.compaction_filter: None
2025/03/19-03:48:26.090659 3c70        Options.compaction_filter_factory: None
2025/03/19-03:48:26.090662 3c70  Options.sst_partitioner_factory: None
2025/03/19-03:48:26.090666 3c70         Options.memtable_factory: SkipListFactory
2025/03/19-03:48:26.090669 3c70            Options.table_factory: BlockBasedTable
2025/03/19-03:48:26.090694 3c70            table_factory options:   flush_block_policy_factory: FlushBlockBySizePolicyFactory (000002A377D93B00)
  cache_index_and_filter_blocks: 0
  cache_index_and_filter_blocks_with_high_priority: 1
  pin_l0_filter_and_index_blocks_in_cache: 0
  pin_top_level_index_and_filter: 1
  index_type: 0
  data_block_index_type: 0
  index_shortening: 1
  data_block_hash_table_util_ratio: 0.750000
  checksum: 4
  no_block_cache: 0
  block_cache: 000002A3762C9C40
  block_cache_name: LRUCache
  block_cache_options:
    capacity : 8388608
    num_shard_bits : 4
    strict_capacity_limit : 0
    memory_allocator : None
    high_pri_pool_ratio: 0.000
    low_pri_pool_ratio: 0.000
  persistent_cache: 0000000000000000
  block_size: 4096
  block_size_deviation: 10
  block_restart_interval: 16
  index_block_restart_interval: 1
  metadata_block_size: 4096
  partition_filters: 0
  use_delta_encoding: 1
  filter_policy: nullptr
  whole_key_filtering: 1
  verify_compression: 0
  read_amp_bytes_per_bit: 0
  format_version: 5
  enable_index_compression: 1
  block_align: 0
  max_auto_readahead_size: 262144
  prepopulate_block_cache: 0
  initial_auto_readahead_size: 8192
  num_file_reads_for_auto_readahead: 2
2025/03/19-03:48:26.090699 3c70        Options.write_buffer_size: 67108864
2025/03/19-03:48:26.090703 3c70  Options.max_write_buffer_number: 2
2025/03/19-03:48:26.090706 3c70          Options.compression: Snappy
2025/03/19-03:48:26.090710 3c70                  Options.bottommost_compression: Disabled
2025/03/19-03:48:26.090713 3c70       Options.prefix_extractor: nullptr
2025/03/19-03:48:26.090717 3c70   Options.memtable_insert_with_hint_prefix_extractor: nullptr
2025/03/19-03:48:26.090720 3c70             Options.num_levels: 7
2025/03/19-03:48:26.090723 3c70        Options.min_write_buffer_number_to_merge: 1
2025/03/19-03:48:26.090727 3c70     Options.max_write_buffer_number_to_maintain: 0
2025/03/19-03:48:26.090730 3c70     Options.max_write_buffer_size_to_maintain: 0
2025/03/19-03:48:26.090734 3c70            Options.bottommost_compression_opts.window_bits: -14
2025/03/19-03:48:26.090740 3c70                  Options.bottommost_compression_opts.level: 32767
2025/03/19-03:48:26.090745 3c70               Options.bottommost_compression_opts.strategy: 0
2025/03/19-03:48:26.090748 3c70         Options.bottommost_compression_opts.max_dict_bytes: 0
2025/03/19-03:48:26.090752 3c70         Options.bottommost_compression_opts.zstd_max_train_bytes: 0
2025/03/19-03:48:26.090756 3c70         Options.bottommost_compression_opts.parallel_threads: 1
2025/03/19-03:48:26.090760 3c70                  Options.bottommost_compression_opts.enabled: false
2025/03/19-03:48:26.090763 3c70         Options.bottommost_compression_opts.max_dict_buffer_bytes: 0
2025/03/19-03:48:26.090767 3c70         Options.bottommost_compression_opts.use_zstd_dict_trainer: true
2025/03/19-03:48:26.090771 3c70            Options.compression_opts.window_bits: -14
2025/03/19-03:48:26.090774 3c70                  Options.compression_opts.level: 32767
2025/03/19-03:48:26.090777 3c70               Options.compression_opts.strategy: 0
2025/03/19-03:48:26.090781 3c70         Options.compression_opts.max_dict_bytes: 0
2025/03/19-03:48:26.090784 3c70         Options.compression_opts.zstd_max_train_bytes: 0
2025/03/19-03:48:26.090788 3c70         Options.compression_opts.use_zstd_dict_trainer: true
2025/03/19-03:48:26.090791 3c70         Options.compression_opts.parallel_threads: 1
2025/03/19-03:48:26.090795 3c70                  Options.compression_opts.enabled: false
2025/03/19-03:48:26.090798 3c70         Options.compression_opts.max_dict_buffer_bytes: 0
2025/03/19-03:48:26.090802 3c70      Options.level0_file_num_compaction_trigger: 4
2025/03/19-03:48:26.090805 3c70          Options.level0_slowdown_writes_trigger: 20
2025/03/19-03:48:26.090809 3c70              Options.level0_stop_writes_trigger: 36
2025/03/19-03:48:26.090812 3c70                   Options.target_file_size_base: 67108864
2025/03/19-03:48:26.090816 3c70             Options.target_file_size_multiplier: 1
2025/03/19-03:48:26.090819 3c70                Options.max_bytes_for_level_base: 268435456
2025/03/19-03:48:26.090823 3c70 Options.level_compaction_dynamic_level_bytes: 0
2025/03/19-03:48:26.090827 3c70          Options.max_bytes_for_level_multiplier: 10.000000
2025/03/19-03:48:26.090831 3c70 Options.max_bytes_for_level_multiplier_addtl[0]: 1
2025/03/19-03:48:26.090834 3c70 Options.max_bytes_for_level_multiplier_addtl[1]: 1
2025/03/19-03:48:26.090838 3c70 Options.max_bytes_for_level_multiplier_addtl[2]: 1
2025/03/19-03:48:26.090841 3c70 Options.max_bytes_for_level_multiplier_addtl[3]: 1
2025/03/19-03:48:26.090845 3c70 Options.max_bytes_for_level_multiplier_addtl[4]: 1
2025/03/19-03:48:26.090848 3c70 Options.max_bytes_for_level_multiplier_addtl[5]: 1
2025/03/19-03:48:26.090851 3c70 Options.max_bytes_for_level_multiplier_addtl[6]: 1
2025/03/19-03:48:26.090855 3c70       Options.max_sequential_skip_in_iterations: 8
2025/03/19-03:48:26.090858 3c70                    Options.max_compaction_bytes: 1677721600
2025/03/19-03:48:26.090862 3c70   Options.ignore_max_compaction_bytes_for_input: true
2025/03/19-03:48:26.090865 3c70                        Options.arena_block_size: 1048576
2025/03/19-03:48:26.090869 3c70   Options.soft_pending_compaction_bytes_limit: 68719476736
2025/03/19-03:48:26.090872 3c70   Options.hard_pending_compaction_bytes_limit: 274877906944
2025/03/19-03:48:26.090876 3c70                Options.disable_auto_compactions: 0
2025/03/19-03:48:26.090880 3c70                        Options.compaction_style: kCompactionStyleLevel
2025/03/19-03:48:26.090883 3c70                          Options.compaction_pri: kMinOverlappingRatio
2025/03/19-03:48:26.090887 3c70 Options.compaction_options_universal.size_ratio: 1
2025/03/19-03:48:26.090890 3c70 Options.compaction_options_universal.min_merge_width: 2
2025/03/19-03:48:26.090894 3c70 Options.compaction_options_universal.max_merge_width: 4294967295
2025/03/19-03:48:26.090897 3c70 Options.compaction_options_universal.max_size_amplification_percent: 200
2025/03/19-03:48:26.090901 3c70 Options.compaction_options_universal.compression_size_percent: -1
2025/03/19-03:48:26.090909 3c70 Options.compaction_options_universal.stop_style: kCompactionStopStyleTotalSize
2025/03/19-03:48:26.090913 3c70 Options.compaction_options_fifo.max_table_files_size: 1073741824
2025/03/19-03:48:26.090916 3c70 Options.compaction_options_fifo.allow_compaction: 0
2025/03/19-03:48:26.090921 3c70                   Options.table_properties_collectors: 
2025/03/19-03:48:26.090924 3c70                   Options.inplace_update_support: 0
2025/03/19-03:48:26.090928 3c70                 Options.inplace_update_num_locks: 10000
2025/03/19-03:48:26.090932 3c70               Options.memtable_prefix_bloom_size_ratio: 0.000000
2025/03/19-03:48:26.090936 3c70               Options.memtable_whole_key_filtering: 0
2025/03/19-03:48:26.090939 3c70   Options.memtable_huge_page_size: 0
2025/03/19-03:48:26.090942 3c70                           Options.bloom_locality: 0
2025/03/19-03:48:26.090946 3c70                    Options.max_successive_merges: 0
2025/03/19-03:48:26.090949 3c70                Options.optimize_filters_for_hits: 0
2025/03/19-03:48:26.090952 3c70                Options.paranoid_file_checks: 0
2025/03/19-03:48:26.090956 3c70                Options.force_consistency_checks: 1
2025/03/19-03:48:26.090959 3c70                Options.report_bg_io_stats: 0
2025/03/19-03:48:26.090963 3c70                               Options.ttl: 2592000
2025/03/19-03:48:26.090966 3c70          Options.periodic_compaction_seconds: 0
2025/03/19-03:48:26.090969 3c70  Options.preclude_last_level_data_seconds: 0
2025/03/19-03:48:26.090973 3c70    Options.preserve_internal_time_seconds: 0
2025/03/19-03:48:26.090976 3c70                       Options.enable_blob_files: false
2025/03/19-03:48:26.090979 3c70                           Options.min_blob_size: 0
2025/03/19-03:48:26.090983 3c70                          Options.blob_file_size: 268435456
2025/03/19-03:48:26.090987 3c70                   Options.blob_compression_type: NoCompression
2025/03/19-03:48:26.090990 3c70          Options.enable_blob_garbage_collection: false
2025/03/19-03:48:26.090994 3c70      Options.blob_garbage_collection_age_cutoff: 0.250000
2025/03/19-03:48:26.090998 3c70 Options.blob_garbage_collection_force_threshold: 1.000000
2025/03/19-03:48:26.091001 3c70          Options.blob_compaction_readahead_size: 0
2025/03/19-03:48:26.091005 3c70                Options.blob_file_starting_level: 0
2025/03/19-03:48:26.091008 3c70 Options.experimental_mempurge_threshold: 0.000000
2025/03/19-03:48:26.091070 3c70               Options.comparator: leveldb.BytewiseComparator
2025/03/19-03:48:26.091075 3c70           Options.merge_operator: None
2025/03/19-03:48:26.091078 3c70        Options.compaction_filter: None
2025/03/19-03:48:26.091081 3c70        Options.compaction_filter_factory: None
2025/03/19-03:48:26.091085 3c70  Options.sst_partitioner_factory: None
2025/03/19-03:48:26.091088 3c70         Options.memtable_factory: SkipListFactory
2025/03/19-03:48:26.091099 3c70            Options.table_factory: BlockBasedTable
2025/03/19-03:48:26.091122 3c70            table_factory options:   flush_block_policy_factory: FlushBlockBySizePolicyFactory (000002A377D93380)
  cache_index_and_filter_blocks: 0
  cache_index_and_filter_blocks_with_high_priority: 1
  pin_l0_filter_and_index_blocks_in_cache: 0
  pin_top_level_index_and_filter: 1
  index_type: 0
  data_block_index_type: 0
  index_shortening: 1
  data_block_hash_table_util_ratio: 0.750000
  checksum: 4
  no_block_cache: 0
  block_cache: 000002A3762C92E0
  block_cache_name: LRUCache
  block_cache_options:
    capacity : 8388608
    num_shard_bits : 4
    strict_capacity_limit : 0
    memory_allocator : None
    high_pri_pool_ratio: 0.000
    low_pri_pool_ratio: 0.000
  persistent_cache: 0000000000000000
  block_size: 4096
  block_size_deviation: 10
  block_restart_interval: 16
  index_block_restart_interval: 1
  metadata_block_size: 4096
  partition_filters: 0
  use_delta_encoding: 1
  filter_policy: nullptr
  whole_key_filtering: 1
  verify_compression: 0
  read_amp_bytes_per_bit: 0
  format_version: 5
  enable_index_compression: 1
  block_align: 0
  max_auto_readahead_size: 262144
  prepopulate_block_cache: 0
  initial_auto_readahead_size: 8192
  num_file_reads_for_auto_readahead: 2
2025/03/19-03:48:26.091128 3c70        Options.write_buffer_size: 67108864
2025/03/19-03:48:26.091133 3c70  Options.max_write_buffer_number: 2
2025/03/19-03:48:26.091136 3c70          Options.compression: Snappy
2025/03/19-03:48:26.091140 3c70                  Options.bottommost_compression: Disabled
2025/03/19-03:48:26.091144 3c70       Options.prefix_extractor: nullptr
2025/03/19-03:48:26.091147 3c70   Options.memtable_insert_with_hint_prefix_extractor: nullptr
2025/03/19-03:48:26.091151 3c70             Options.num_levels: 7
2025/03/19-03:48:26.091155 3c70        Options.min_write_buffer_number_to_merge: 1
2025/03/19-03:48:26.091158 3c70     Options.max_write_buffer_number_to_maintain: 0
2025/03/19-03:48:26.091161 3c70     Options.max_write_buffer_size_to_maintain: 0
2025/03/19-03:48:26.091165 3c70            Options.bottommost_compression_opts.window_bits: -14
2025/03/19-03:48:26.091169 3c70                  Options.bottommost_compression_opts.level: 32767
2025/03/19-03:48:26.091172 3c70               Options.bottommost_compression_opts.strategy: 0
2025/03/19-03:48:26.091175 3c70         Options.bottommost_compression_opts.max_dict_bytes: 0
2025/03/19-03:48:26.091180 3c70         Options.bottommost_compression_opts.zstd_max_train_bytes: 0
2025/03/19-03:48:26.091183 3c70         Options.bottommost_compression_opts.parallel_threads: 1
2025/03/19-03:48:26.091187 3c70                  Options.bottommost_compression_opts.enabled: false
2025/03/19-03:48:26.091190 3c70         Options.bottommost_compression_opts.max_dict_buffer_bytes: 0
2025/03/19-03:48:26.091194 3c70         Options.bottommost_compression_opts.use_zstd_dict_trainer: true
2025/03/19-03:48:26.091197 3c70            Options.compression_opts.window_bits: -14
2025/03/19-03:48:26.091200 3c70                  Options.compression_opts.level: 32767
2025/03/19-03:48:26.091204 3c70               Options.compression_opts.strategy: 0
2025/03/19-03:48:26.091207 3c70         Options.compression_opts.max_dict_bytes: 0
2025/03/19-03:48:26.091210 3c70         Options.compression_opts.zstd_max_train_bytes: 0
2025/03/19-03:48:26.091214 3c70         Options.compression_opts.use_zstd_dict_trainer: true
2025/03/19-03:48:26.091217 3c70         Options.compression_opts.parallel_threads: 1
2025/03/19-03:48:26.091220 3c70                  Options.compression_opts.enabled: false
2025/03/19-03:48:26.091224 3c70         Options.compression_opts.max_dict_buffer_bytes: 0
2025/03/19-03:48:26.091227 3c70      Options.level0_file_num_compaction_trigger: 4
2025/03/19-03:48:26.091230 3c70          Options.level0_slowdown_writes_trigger: 20
2025/03/19-03:48:26.091234 3c70              Options.level0_stop_writes_trigger: 36
2025/03/19-03:48:26.091237 3c70                   Options.target_file_size_base: 67108864
2025/03/19-03:48:26.091240 3c70             Options.target_file_size_multiplier: 1
2025/03/19-03:48:26.091244 3c70                Options.max_bytes_for_level_base: 268435456
2025/03/19-03:48:26.091247 3c70 Options.level_compaction_dynamic_level_bytes: 0
2025/03/19-03:48:26.091251 3c70          Options.max_bytes_for_level_multiplier: 10.000000
2025/03/19-03:48:26.091254 3c70 Options.max_bytes_for_level_multiplier_addtl[0]: 1
2025/03/19-03:48:26.091258 3c70 Options.max_bytes_for_level_multiplier_addtl[1]: 1
2025/03/19-03:48:26.091261 3c70 Options.max_bytes_for_level_multiplier_addtl[2]: 1
2025/03/19-03:48:26.091264 3c70 Options.max_bytes_for_level_multiplier_addtl[3]: 1
2025/03/19-03:48:26.091268 3c70 Options.max_bytes_for_level_multiplier_addtl[4]: 1
2025/03/19-03:48:26.091271 3c70 Options.max_bytes_for_level_multiplier_addtl[5]: 1
2025/03/19-03:48:26.091274 3c70 Options.max_bytes_for_level_multiplier_addtl[6]: 1
2025/03/19-03:48:26.091278 3c70       Options.max_sequential_skip_in_iterations: 8
2025/03/19-03:48:26.091281 3c70                    Options.max_compaction_bytes: 1677721600
2025/03/19-03:48:26.091308 3c70   Options.ignore_max_compaction_bytes_for_input: true
2025/03/19-03:48:26.091313 3c70                        Options.arena_block_size: 1048576
2025/03/19-03:48:26.091316 3c70   Options.soft_pending_compaction_bytes_limit: 68719476736
2025/03/19-03:48:26.091320 3c70   Options.hard_pending_compaction_bytes_limit: 274877906944
2025/03/19-03:48:26.091323 3c70                Options.disable_auto_compactions: 0
2025/03/19-03:48:26.091327 3c70                        Options.compaction_style: kCompactionStyleLevel
2025/03/19-03:48:26.091330 3c70                          Options.compaction_pri: kMinOverlappingRatio
2025/03/19-03:48:26.091334 3c70 Options.compaction_options_universal.size_ratio: 1
2025/03/19-03:48:26.091337 3c70 Options.compaction_options_universal.min_merge_width: 2
2025/03/19-03:48:26.091341 3c70 Options.compaction_options_universal.max_merge_width: 4294967295
2025/03/19-03:48:26.091344 3c70 Options.compaction_options_universal.max_size_amplification_percent: 200
2025/03/19-03:48:26.091348 3c70 Options.compaction_options_universal.compression_size_percent: -1
2025/03/19-03:48:26.091351 3c70 Options.compaction_options_universal.stop_style: kCompactionStopStyleTotalSize
2025/03/19-03:48:26.091355 3c70 Options.compaction_options_fifo.max_table_files_size: 1073741824
2025/03/19-03:48:26.091358 3c70 Options.compaction_options_fifo.allow_compaction: 0
2025/03/19-03:48:26.091362 3c70                   Options.table_properties_collectors: 
2025/03/19-03:48:26.091366 3c70                   Options.inplace_update_support: 0
2025/03/19-03:48:26.091369 3c70                 Options.inplace_update_num_locks: 10000
2025/03/19-03:48:26.091373 3c70               Options.memtable_prefix_bloom_size_ratio: 0.000000
2025/03/19-03:48:26.091380 3c70               Options.memtable_whole_key_filtering: 0
2025/03/19-03:48:26.091383 3c70   Options.memtable_huge_page_size: 0
2025/03/19-03:48:26.091386 3c70                           Options.bloom_locality: 0
2025/03/19-03:48:26.091390 3c70                    Options.max_successive_merges: 0
2025/03/19-03:48:26.091393 3c70                Options.optimize_filters_for_hits: 0
2025/03/19-03:48:26.091396 3c70                Options.paranoid_file_checks: 0
2025/03/19-03:48:26.091400 3c70                Options.force_consistency_checks: 1
2025/03/19-03:48:26.091403 3c70                Options.report_bg_io_stats: 0
2025/03/19-03:48:26.091406 3c70                               Options.ttl: 2592000
2025/03/19-03:48:26.091410 3c70          Options.periodic_compaction_seconds: 0
2025/03/19-03:48:26.091413 3c70  Options.preclude_last_level_data_seconds: 0
2025/03/19-03:48:26.091416 3c70    Options.preserve_internal_time_seconds: 0
2025/03/19-03:48:26.091420 3c70                       Options.enable_blob_files: false
2025/03/19-03:48:26.091425 3c70                           Options.min_blob_size: 0
2025/03/19-03:48:26.091428 3c70                          Options.blob_file_size: 268435456
2025/03/19-03:48:26.091432 3c70                   Options.blob_compression_type: NoCompression
2025/03/19-03:48:26.091435 3c70          Options.enable_blob_garbage_collection: false
2025/03/19-03:48:26.091439 3c70      Options.blob_garbage_collection_age_cutoff: 0.250000
2025/03/19-03:48:26.091443 3c70 Options.blob_garbage_collection_force_threshold: 1.000000
2025/03/19-03:48:26.091446 3c70          Options.blob_compaction_readahead_size: 0
2025/03/19-03:48:26.091450 3c70                Options.blob_file_starting_level: 0
2025/03/19-03:48:26.091453 3c70 Options.experimental_mempurge_threshold: 0.000000
2025/03/19-03:48:26.091500 3c70               Options.comparator: leveldb.BytewiseComparator
2025/03/19-03:48:26.091505 3c70           Options.merge_operator: None
2025/03/19-03:48:26.091508 3c70        Options.compaction_filter: None
2025/03/19-03:48:26.091511 3c70        Options.compaction_filter_factory: None
2025/03/19-03:48:26.091514 3c70  Options.sst_partitioner_factory: None
2025/03/19-03:48:26.091518 3c70         Options.memtable_factory: SkipListFactory
2025/03/19-03:48:26.091523 3c70            Options.table_factory: BlockBasedTable
2025/03/19-03:48:26.091545 3c70            table_factory options:   flush_block_policy_factory: FlushBlockBySizePolicyFactory (000002A377D94040)
  cache_index_and_filter_blocks: 0
  cache_index_and_filter_blocks_with_high_priority: 1
  pin_l0_filter_and_index_blocks_in_cache: 0
  pin_top_level_index_and_filter: 1
  index_type: 0
  data_block_index_type: 0
  index_shortening: 1
  data_block_hash_table_util_ratio: 0.750000
  checksum: 4
  no_block_cache: 0
  block_cache: 000002A3762C95B0
  block_cache_name: LRUCache
  block_cache_options:
    capacity : 8388608
    num_shard_bits : 4
    strict_capacity_limit : 0
    memory_allocator : None
    high_pri_pool_ratio: 0.000
    low_pri_pool_ratio: 0.000
  persistent_cache: 0000000000000000
  block_size: 4096
  block_size_deviation: 10
  block_restart_interval: 16
  index_block_restart_interval: 1
  metadata_block_size: 4096
  partition_filters: 0
  use_delta_encoding: 1
  filter_policy: nullptr
  whole_key_filtering: 1
  verify_compression: 0
  read_amp_bytes_per_bit: 0
  format_version: 5
  enable_index_compression: 1
  block_align: 0
  max_auto_readahead_size: 262144
  prepopulate_block_cache: 0
  initial_auto_readahead_size: 8192
  num_file_reads_for_auto_readahead: 2
2025/03/19-03:48:26.091549 3c70        Options.write_buffer_size: 67108864
2025/03/19-03:48:26.091553 3c70  Options.max_write_buffer_number: 2
2025/03/19-03:48:26.091556 3c70          Options.compression: Snappy
2025/03/19-03:48:26.091559 3c70                  Options.bottommost_compression: Disabled
2025/03/19-03:48:26.091562 3c70       Options.prefix_extractor: nullptr
2025/03/19-03:48:26.091566 3c70   Options.memtable_insert_with_hint_prefix_extractor: nullptr
2025/03/19-03:48:26.091569 3c70             Options.num_levels: 7
2025/03/19-03:48:26.091572 3c70        Options.min_write_buffer_number_to_merge: 1
2025/03/19-03:48:26.091578 3c70     Options.max_write_buffer_number_to_maintain: 0
2025/03/19-03:48:26.091581 3c70     Options.max_write_buffer_size_to_maintain: 0
2025/03/19-03:48:26.091585 3c70            Options.bottommost_compression_opts.window_bits: -14
2025/03/19-03:48:26.091591 3c70                  Options.bottommost_compression_opts.level: 32767
2025/03/19-03:48:26.091594 3c70               Options.bottommost_compression_opts.strategy: 0
2025/03/19-03:48:26.091598 3c70         Options.bottommost_compression_opts.max_dict_bytes: 0
2025/03/19-03:48:26.091601 3c70         Options.bottommost_compression_opts.zstd_max_train_bytes: 0
2025/03/19-03:48:26.091605 3c70         Options.bottommost_compression_opts.parallel_threads: 1
2025/03/19-03:48:26.091608 3c70                  Options.bottommost_compression_opts.enabled: false
2025/03/19-03:48:26.091612 3c70         Options.bottommost_compression_opts.max_dict_buffer_bytes: 0
2025/03/19-03:48:26.091615 3c70         Options.bottommost_compression_opts.use_zstd_dict_trainer: true
2025/03/19-03:48:26.091619 3c70            Options.compression_opts.window_bits: -14
