2025/03/19-03:48:26.137600 3c3c RocksDB version: 8.1.1
2025/03/19-03:48:26.137662 3c3c Compile date 2023-04-06 16:38:52
2025/03/19-03:48:26.137689 3c3c DB SUMMARY
2025/03/19-03:48:26.137708 3c3c DB Session ID:  V2OEIUJF492KMM0WFBWL
2025/03/19-03:48:26.138644 3c3c CURRENT file:  CURRENT
2025/03/19-03:48:26.138664 3c3c IDENTITY file:  IDENTITY
2025/03/19-03:48:26.138712 3c3c MANIFEST file:  MANIFEST-000013 size: 81 Bytes
2025/03/19-03:48:26.138726 3c3c SST files in ./storage\collections\documents\0\segments\336d1b66-5d3e-4695-8834-3622e4c62429\payload_index dir, Total Num: 0, files: 
2025/03/19-03:48:26.138738 3c3c Write Ahead Log file in ./storage\collections\documents\0\segments\336d1b66-5d3e-4695-8834-3622e4c62429\payload_index: 000004.log size: 0 ; 000008.log size: 0 ; 000012.log size: 0 ; 
2025/03/19-03:48:26.138927 3c3c                         Options.error_if_exists: 0
2025/03/19-03:48:26.138936 3c3c                       Options.create_if_missing: 1
2025/03/19-03:48:26.138940 3c3c                         Options.paranoid_checks: 1
2025/03/19-03:48:26.138943 3c3c             Options.flush_verify_memtable_count: 1
2025/03/19-03:48:26.138947 3c3c                               Options.track_and_verify_wals_in_manifest: 0
2025/03/19-03:48:26.138951 3c3c        Options.verify_sst_unique_id_in_manifest: 1
2025/03/19-03:48:26.138954 3c3c                                     Options.env: 000002A3762C9A50
2025/03/19-03:48:26.138959 3c3c                                      Options.fs: WinFS
2025/03/19-03:48:26.138963 3c3c                                Options.info_log: 000002A37DFB7DF0
2025/03/19-03:48:26.138966 3c3c                Options.max_file_opening_threads: 16
2025/03/19-03:48:26.138970 3c3c                              Options.statistics: 0000000000000000
2025/03/19-03:48:26.138974 3c3c                               Options.use_fsync: 0
2025/03/19-03:48:26.138977 3c3c                       Options.max_log_file_size: 1048576
2025/03/19-03:48:26.138981 3c3c                  Options.max_manifest_file_size: 1073741824
2025/03/19-03:48:26.138985 3c3c                   Options.log_file_time_to_roll: 0
2025/03/19-03:48:26.138988 3c3c                       Options.keep_log_file_num: 1
2025/03/19-03:48:26.138992 3c3c                    Options.recycle_log_file_num: 0
2025/03/19-03:48:26.138996 3c3c                         Options.allow_fallocate: 1
2025/03/19-03:48:26.138999 3c3c                        Options.allow_mmap_reads: 0
2025/03/19-03:48:26.139003 3c3c                       Options.allow_mmap_writes: 0
2025/03/19-03:48:26.139007 3c3c                        Options.use_direct_reads: 0
2025/03/19-03:48:26.139010 3c3c                        Options.use_direct_io_for_flush_and_compaction: 0
2025/03/19-03:48:26.139014 3c3c          Options.create_missing_column_families: 1
2025/03/19-03:48:26.139018 3c3c                              Options.db_log_dir: 
2025/03/19-03:48:26.139021 3c3c                                 Options.wal_dir: 
2025/03/19-03:48:26.139024 3c3c                Options.table_cache_numshardbits: 6
2025/03/19-03:48:26.139028 3c3c                         Options.WAL_ttl_seconds: 0
2025/03/19-03:48:26.139032 3c3c                       Options.WAL_size_limit_MB: 0
2025/03/19-03:48:26.139036 3c3c                        Options.max_write_batch_group_size_bytes: 1048576
2025/03/19-03:48:26.139045 3c3c             Options.manifest_preallocation_size: 4194304
2025/03/19-03:48:26.139049 3c3c                     Options.is_fd_close_on_exec: 1
2025/03/19-03:48:26.139052 3c3c                   Options.advise_random_on_open: 1
2025/03/19-03:48:26.139056 3c3c                    Options.db_write_buffer_size: 0
2025/03/19-03:48:26.139059 3c3c                    Options.write_buffer_manager: 000002A37DF6CA60
2025/03/19-03:48:26.139063 3c3c         Options.access_hint_on_compaction_start: 1
2025/03/19-03:48:26.139067 3c3c           Options.random_access_max_buffer_size: 1048576
2025/03/19-03:48:26.139070 3c3c                      Options.use_adaptive_mutex: 0
2025/03/19-03:48:26.139074 3c3c                            Options.rate_limiter: 0000000000000000
2025/03/19-03:48:26.139108 3c3c     Options.sst_file_manager.rate_bytes_per_sec: 0
2025/03/19-03:48:26.139115 3c3c                       Options.wal_recovery_mode: 0
2025/03/19-03:48:26.139119 3c3c                  Options.enable_thread_tracking: 0
2025/03/19-03:48:26.139122 3c3c                  Options.enable_pipelined_write: 0
2025/03/19-03:48:26.139125 3c3c                  Options.unordered_write: 0
2025/03/19-03:48:26.139129 3c3c         Options.allow_concurrent_memtable_write: 1
2025/03/19-03:48:26.139132 3c3c      Options.enable_write_thread_adaptive_yield: 1
2025/03/19-03:48:26.139135 3c3c             Options.write_thread_max_yield_usec: 100
2025/03/19-03:48:26.139139 3c3c            Options.write_thread_slow_yield_usec: 3
2025/03/19-03:48:26.139142 3c3c                               Options.row_cache: None
2025/03/19-03:48:26.139146 3c3c                              Options.wal_filter: None
2025/03/19-03:48:26.139149 3c3c             Options.avoid_flush_during_recovery: 0
2025/03/19-03:48:26.139153 3c3c             Options.allow_ingest_behind: 0
2025/03/19-03:48:26.139156 3c3c             Options.two_write_queues: 0
2025/03/19-03:48:26.139159 3c3c             Options.manual_wal_flush: 0
2025/03/19-03:48:26.139162 3c3c             Options.wal_compression: 0
2025/03/19-03:48:26.139166 3c3c             Options.atomic_flush: 0
2025/03/19-03:48:26.139169 3c3c             Options.avoid_unnecessary_blocking_io: 0
2025/03/19-03:48:26.139172 3c3c                 Options.persist_stats_to_disk: 0
2025/03/19-03:48:26.139176 3c3c                 Options.write_dbid_to_manifest: 0
2025/03/19-03:48:26.139179 3c3c                 Options.log_readahead_size: 0
2025/03/19-03:48:26.139182 3c3c                 Options.file_checksum_gen_factory: Unknown
2025/03/19-03:48:26.139186 3c3c                 Options.best_efforts_recovery: 0
2025/03/19-03:48:26.139192 3c3c                Options.max_bgerror_resume_count: 2147483647
2025/03/19-03:48:26.139197 3c3c            Options.bgerror_resume_retry_interval: 1000000
2025/03/19-03:48:26.139200 3c3c             Options.allow_data_in_errors: 0
2025/03/19-03:48:26.139204 3c3c             Options.db_host_id: __hostname__
2025/03/19-03:48:26.139207 3c3c             Options.enforce_single_del_contracts: true
2025/03/19-03:48:26.139211 3c3c             Options.max_background_jobs: 2
2025/03/19-03:48:26.139214 3c3c             Options.max_background_compactions: -1
2025/03/19-03:48:26.139218 3c3c             Options.max_subcompactions: 1
2025/03/19-03:48:26.139221 3c3c             Options.avoid_flush_during_shutdown: 0
2025/03/19-03:48:26.139225 3c3c           Options.writable_file_max_buffer_size: 1048576
2025/03/19-03:48:26.139229 3c3c             Options.delayed_write_rate : 16777216
2025/03/19-03:48:26.139232 3c3c             Options.max_total_wal_size: 0
2025/03/19-03:48:26.139236 3c3c             Options.delete_obsolete_files_period_micros: 180000000
2025/03/19-03:48:26.139239 3c3c                   Options.stats_dump_period_sec: 600
2025/03/19-03:48:26.139242 3c3c                 Options.stats_persist_period_sec: 600
2025/03/19-03:48:26.139246 3c3c                 Options.stats_history_buffer_size: 1048576
2025/03/19-03:48:26.139249 3c3c                          Options.max_open_files: 256
2025/03/19-03:48:26.139253 3c3c                          Options.bytes_per_sync: 0
2025/03/19-03:48:26.139256 3c3c                      Options.wal_bytes_per_sync: 0
2025/03/19-03:48:26.139259 3c3c                   Options.strict_bytes_per_sync: 0
2025/03/19-03:48:26.139263 3c3c       Options.compaction_readahead_size: 0
2025/03/19-03:48:26.139266 3c3c                  Options.max_background_flushes: -1
2025/03/19-03:48:26.139271 3c3c Compression algorithms supported:
2025/03/19-03:48:26.139275 3c3c 	kZSTD supported: 0
2025/03/19-03:48:26.139279 3c3c 	kSnappyCompression supported: 1
2025/03/19-03:48:26.139282 3c3c 	kBZip2Compression supported: 0
2025/03/19-03:48:26.139286 3c3c 	kZlibCompression supported: 0
2025/03/19-03:48:26.139289 3c3c 	kLZ4Compression supported: 0
2025/03/19-03:48:26.139292 3c3c 	kXpressCompression supported: 0
2025/03/19-03:48:26.139316 3c3c 	kLZ4HCCompression supported: 0
2025/03/19-03:48:26.139322 3c3c 	kZSTDNotFinalCompression supported: 0
2025/03/19-03:48:26.139325 3c3c Fast CRC32 supported: Not supported on x86
2025/03/19-03:48:26.139329 3c3c DMutex implementation: std::mutex
2025/03/19-03:48:26.141294 3c3c               Options.comparator: leveldb.BytewiseComparator
2025/03/19-03:48:26.141304 3c3c           Options.merge_operator: None
2025/03/19-03:48:26.141308 3c3c        Options.compaction_filter: None
2025/03/19-03:48:26.141312 3c3c        Options.compaction_filter_factory: None
2025/03/19-03:48:26.141318 3c3c  Options.sst_partitioner_factory: None
2025/03/19-03:48:26.141322 3c3c         Options.memtable_factory: SkipListFactory
2025/03/19-03:48:26.141326 3c3c            Options.table_factory: BlockBasedTable
2025/03/19-03:48:26.141350 3c3c            table_factory options:   flush_block_policy_factory: FlushBlockBySizePolicyFactory (000002A37E0DA820)
  cache_index_and_filter_blocks: 0
  cache_index_and_filter_blocks_with_high_priority: 1
  pin_l0_filter_and_index_blocks_in_cache: 0
  pin_top_level_index_and_filter: 1
  index_type: 0
  data_block_index_type: 0
  index_shortening: 1
  data_block_hash_table_util_ratio: 0.750000
  checksum: 4
  no_block_cache: 0
  block_cache: 000002A37DF6C020
  block_cache_name: LRUCache
  block_cache_options:
    capacity : 8388608
    num_shard_bits : 4
    strict_capacity_limit : 0
    memory_allocator : None
    high_pri_pool_ratio: 0.000
    low_pri_pool_ratio: 0.000
  persistent_cache: 0000000000000000
  block_size: 4096
  block_size_deviation: 10
  block_restart_interval: 16
  index_block_restart_interval: 1
  metadata_block_size: 4096
  partition_filters: 0
  use_delta_encoding: 1
  filter_policy: nullptr
  whole_key_filtering: 1
  verify_compression: 0
  read_amp_bytes_per_bit: 0
  format_version: 5
  enable_index_compression: 1
  block_align: 0
  max_auto_readahead_size: 262144
  prepopulate_block_cache: 0
  initial_auto_readahead_size: 8192
  num_file_reads_for_auto_readahead: 2
2025/03/19-03:48:26.141356 3c3c        Options.write_buffer_size: 67108864
2025/03/19-03:48:26.141360 3c3c  Options.max_write_buffer_number: 2
2025/03/19-03:48:26.141364 3c3c          Options.compression: Snappy
2025/03/19-03:48:26.141368 3c3c                  Options.bottommost_compression: Disabled
2025/03/19-03:48:26.141371 3c3c       Options.prefix_extractor: nullptr
2025/03/19-03:48:26.141375 3c3c   Options.memtable_insert_with_hint_prefix_extractor: nullptr
2025/03/19-03:48:26.141378 3c3c             Options.num_levels: 7
2025/03/19-03:48:26.141382 3c3c        Options.min_write_buffer_number_to_merge: 1
2025/03/19-03:48:26.141385 3c3c     Options.max_write_buffer_number_to_maintain: 0
2025/03/19-03:48:26.141389 3c3c     Options.max_write_buffer_size_to_maintain: 0
2025/03/19-03:48:26.141393 3c3c            Options.bottommost_compression_opts.window_bits: -14
2025/03/19-03:48:26.141397 3c3c                  Options.bottommost_compression_opts.level: 32767
2025/03/19-03:48:26.141401 3c3c               Options.bottommost_compression_opts.strategy: 0
2025/03/19-03:48:26.141405 3c3c         Options.bottommost_compression_opts.max_dict_bytes: 0
2025/03/19-03:48:26.141408 3c3c         Options.bottommost_compression_opts.zstd_max_train_bytes: 0
2025/03/19-03:48:26.141412 3c3c         Options.bottommost_compression_opts.parallel_threads: 1
2025/03/19-03:48:26.141416 3c3c                  Options.bottommost_compression_opts.enabled: false
2025/03/19-03:48:26.141420 3c3c         Options.bottommost_compression_opts.max_dict_buffer_bytes: 0
2025/03/19-03:48:26.141423 3c3c         Options.bottommost_compression_opts.use_zstd_dict_trainer: true
2025/03/19-03:48:26.141427 3c3c            Options.compression_opts.window_bits: -14
2025/03/19-03:48:26.141431 3c3c                  Options.compression_opts.level: 32767
2025/03/19-03:48:26.141434 3c3c               Options.compression_opts.strategy: 0
2025/03/19-03:48:26.141440 3c3c         Options.compression_opts.max_dict_bytes: 0
2025/03/19-03:48:26.141447 3c3c         Options.compression_opts.zstd_max_train_bytes: 0
2025/03/19-03:48:26.141452 3c3c         Options.compression_opts.use_zstd_dict_trainer: true
2025/03/19-03:48:26.141456 3c3c         Options.compression_opts.parallel_threads: 1
2025/03/19-03:48:26.141460 3c3c                  Options.compression_opts.enabled: false
2025/03/19-03:48:26.141463 3c3c         Options.compression_opts.max_dict_buffer_bytes: 0
2025/03/19-03:48:26.141467 3c3c      Options.level0_file_num_compaction_trigger: 4
2025/03/19-03:48:26.141471 3c3c          Options.level0_slowdown_writes_trigger: 20
2025/03/19-03:48:26.141474 3c3c              Options.level0_stop_writes_trigger: 36
2025/03/19-03:48:26.141478 3c3c                   Options.target_file_size_base: 67108864
2025/03/19-03:48:26.141481 3c3c             Options.target_file_size_multiplier: 1
2025/03/19-03:48:26.141485 3c3c                Options.max_bytes_for_level_base: 268435456
2025/03/19-03:48:26.141488 3c3c Options.level_compaction_dynamic_level_bytes: 0
2025/03/19-03:48:26.141492 3c3c          Options.max_bytes_for_level_multiplier: 10.000000
2025/03/19-03:48:26.141497 3c3c Options.max_bytes_for_level_multiplier_addtl[0]: 1
2025/03/19-03:48:26.141500 3c3c Options.max_bytes_for_level_multiplier_addtl[1]: 1
2025/03/19-03:48:26.141504 3c3c Options.max_bytes_for_level_multiplier_addtl[2]: 1
2025/03/19-03:48:26.141509 3c3c Options.max_bytes_for_level_multiplier_addtl[3]: 1
2025/03/19-03:48:26.141512 3c3c Options.max_bytes_for_level_multiplier_addtl[4]: 1
2025/03/19-03:48:26.141516 3c3c Options.max_bytes_for_level_multiplier_addtl[5]: 1
2025/03/19-03:48:26.141519 3c3c Options.max_bytes_for_level_multiplier_addtl[6]: 1
2025/03/19-03:48:26.141523 3c3c       Options.max_sequential_skip_in_iterations: 8
2025/03/19-03:48:26.141527 3c3c                    Options.max_compaction_bytes: 1677721600
2025/03/19-03:48:26.141530 3c3c   Options.ignore_max_compaction_bytes_for_input: true
2025/03/19-03:48:26.141534 3c3c                        Options.arena_block_size: 1048576
2025/03/19-03:48:26.141537 3c3c   Options.soft_pending_compaction_bytes_limit: 68719476736
2025/03/19-03:48:26.141541 3c3c   Options.hard_pending_compaction_bytes_limit: 274877906944
2025/03/19-03:48:26.141544 3c3c                Options.disable_auto_compactions: 0
2025/03/19-03:48:26.141549 3c3c                        Options.compaction_style: kCompactionStyleLevel
2025/03/19-03:48:26.141556 3c3c                          Options.compaction_pri: kMinOverlappingRatio
2025/03/19-03:48:26.141560 3c3c Options.compaction_options_universal.size_ratio: 1
2025/03/19-03:48:26.141564 3c3c Options.compaction_options_universal.min_merge_width: 2
2025/03/19-03:48:26.141568 3c3c Options.compaction_options_universal.max_merge_width: 4294967295
2025/03/19-03:48:26.141571 3c3c Options.compaction_options_universal.max_size_amplification_percent: 200
2025/03/19-03:48:26.141575 3c3c Options.compaction_options_universal.compression_size_percent: -1
2025/03/19-03:48:26.141579 3c3c Options.compaction_options_universal.stop_style: kCompactionStopStyleTotalSize
2025/03/19-03:48:26.141583 3c3c Options.compaction_options_fifo.max_table_files_size: 1073741824
2025/03/19-03:48:26.141587 3c3c Options.compaction_options_fifo.allow_compaction: 0
2025/03/19-03:48:26.141592 3c3c                   Options.table_properties_collectors: 
2025/03/19-03:48:26.141596 3c3c                   Options.inplace_update_support: 0
2025/03/19-03:48:26.141599 3c3c                 Options.inplace_update_num_locks: 10000
2025/03/19-03:48:26.141603 3c3c               Options.memtable_prefix_bloom_size_ratio: 0.000000
2025/03/19-03:48:26.141607 3c3c               Options.memtable_whole_key_filtering: 0
2025/03/19-03:48:26.141610 3c3c   Options.memtable_huge_page_size: 0
2025/03/19-03:48:26.141614 3c3c                           Options.bloom_locality: 0
2025/03/19-03:48:26.141617 3c3c                    Options.max_successive_merges: 0
2025/03/19-03:48:26.141621 3c3c                Options.optimize_filters_for_hits: 0
2025/03/19-03:48:26.141624 3c3c                Options.paranoid_file_checks: 0
2025/03/19-03:48:26.141652 3c3c                Options.force_consistency_checks: 1
2025/03/19-03:48:26.141658 3c3c                Options.report_bg_io_stats: 0
2025/03/19-03:48:26.141662 3c3c                               Options.ttl: 2592000
2025/03/19-03:48:26.141665 3c3c          Options.periodic_compaction_seconds: 0
2025/03/19-03:48:26.141668 3c3c  Options.preclude_last_level_data_seconds: 0
2025/03/19-03:48:26.141672 3c3c    Options.preserve_internal_time_seconds: 0
2025/03/19-03:48:26.141675 3c3c                       Options.enable_blob_files: false
2025/03/19-03:48:26.141682 3c3c                           Options.min_blob_size: 0
2025/03/19-03:48:26.141685 3c3c                          Options.blob_file_size: 268435456
2025/03/19-03:48:26.141689 3c3c                   Options.blob_compression_type: NoCompression
2025/03/19-03:48:26.141692 3c3c          Options.enable_blob_garbage_collection: false
2025/03/19-03:48:26.141696 3c3c      Options.blob_garbage_collection_age_cutoff: 0.250000
2025/03/19-03:48:26.141700 3c3c Options.blob_garbage_collection_force_threshold: 1.000000
2025/03/19-03:48:26.141704 3c3c          Options.blob_compaction_readahead_size: 0
2025/03/19-03:48:26.141707 3c3c                Options.blob_file_starting_level: 0
2025/03/19-03:48:26.141711 3c3c Options.experimental_mempurge_threshold: 0.000000
2025/03/19-03:48:26.172872 3c3c DB pointer 000002A37E09D340
